5.7534499168396
6.408150672912598
7.5074622631073
8.635171890258789
9.76991581916809
10.861815452575684
11.972897291183472
13.066394805908203
14.183837175369263
14.336030006408691
14.566529273986816
14.846081733703613
15.082832098007202
15.302029609680176
15.588796377182007
15.811968564987183
16.0259747505188
16.321083068847656
16.5507595539093
16.773951768875122
17.068671226501465
17.30006170272827
17.522827625274658
17.81105327606201
18.034034967422485
18.257307529449463
18.557658195495605
18.778270721435547
19.001439571380615
19.287637948989868
27.654210805892944
28.548311710357666
43.70966100692749
44.938560962677
47.46271634101868
49.984896421432495
