5.54885721206665
5.722895383834839
6.051082372665405
6.373737096786499
6.548599481582642
6.822311878204346
7.197163343429565
7.468785524368286
7.803654193878174
8.080565690994263
8.430913209915161
8.52664065361023
8.664553880691528
8.802527666091919
9.006863594055176
9.139649152755737
9.272382974624634
9.411048889160156
9.615758419036865
9.7589111328125
9.897878170013428
10.025296688079834
10.22058391571045
10.354640245437622
10.478917598724365
10.614529371261597
10.813851118087769
10.971080303192139
11.18216586112976
11.396637201309204
11.535232305526733
11.684203386306763
11.822036504745483
12.044295072555542
12.18039083480835
12.31373381614685
12.448273420333862
12.651179313659668
12.792762279510498
12.926908731460571
13.072268009185791
13.281119108200073
13.430113315582275
13.56728196144104
13.697699069976807
13.905813694000244
14.049270391464233
14.181843996047974
14.323020458221436
14.53897213935852
14.677497148513794
14.812062978744507
14.948938131332397
15.146458625793457
15.276645421981812
15.409014463424683
