5.789220094680786
5.995015621185303
6.333606004714966
6.732874631881714
6.9365551471710205
7.462383031845093
7.570460796356201
7.726670265197754
7.873238801956177
8.093010187149048
8.235204696655273
8.384639739990234
8.533071517944336
8.748558759689331
8.898538589477539
9.035108089447021
9.20041275024414
9.556624174118042
9.76423692703247
9.960294485092163
10.252712488174438
10.461385726928711
10.66207218170166
10.942925214767456
11.158929109573364
11.339513063430786
11.676585912704468
11.83095645904541
11.976661920547485
12.230681419372559
12.381305694580078
12.540152549743652
12.832908868789673
13.046850442886353
13.205695867538452
13.548705816268921
13.741799116134644
13.929222106933594
14.207787275314331
14.409984588623047
14.607893466949463
14.932995319366455
15.136157512664795
15.330869436264038
15.625544786453247
15.797533512115479
16.00231170654297
16.278834104537964
16.485954761505127
16.694931030273438
16.93057680130005
17.14704203605652
17.344669818878174
17.575083255767822
17.77567195892334
17.96570372581482
18.230564832687378
18.434596300125122
18.642236709594727
18.91380763053894
19.10502028465271
19.290648698806763
19.562427043914795
19.762047290802002
19.968196868896484
20.22977375984192
20.414917469024658
20.610368967056274
20.88263726234436
21.079092502593994
21.27515745162964
21.545978307724
21.74020028114319
21.939977884292603
22.225071668624878
22.434203386306763
22.634305000305176
22.909504652023315
23.109551191329956
23.31343722343445
23.58328127861023
23.780067920684814
23.9796941280365
24.292376041412354
24.493913888931274
24.68557333946228
24.976863145828247
25.170445442199707
25.361197471618652
25.627601385116577
25.815837860107422
26.012089252471924
26.294860124588013
26.478647232055664
26.67400026321411
26.93363904953003
27.122817277908325
27.32666778564453
27.59844994544983
27.788126707077026
27.977286100387573
28.24773907661438
28.443952798843384
28.634088277816772
28.905255556106567
29.107078790664673
29.307850122451782
29.590128660202026
29.78860116004944
29.986182689666748
30.270472526550293
30.47343921661377
30.674352884292603
30.930625677108765
31.13531732559204
31.327073335647583
31.603428840637207
31.793776273727417
32.000550985336304
32.274815797805786
32.48349928855896
32.68116235733032
32.958274364471436
33.15928769111633
33.35427212715149
33.62543487548828
33.82005524635315
34.023465633392334
34.28735423088074
34.500853061676025
34.691417932510376
34.959293842315674
35.14631962776184
35.34444212913513
35.61357569694519
35.8138313293457
36.004324436187744
36.28131079673767
36.47433018684387
36.666847229003906
36.95865869522095
37.155131816864014
37.337465047836304
37.61291456222534
37.80046820640564
38.0090126991272
38.273088693618774
38.474188804626465
38.67522215843201
38.98139262199402
39.203041076660156
39.39926242828369
39.69425868988037
39.91182851791382
40.12795901298523
40.42651009559631
40.63671350479126
40.84468626976013
41.23578500747681
41.45587921142578
41.67443871498108
41.94077730178833
42.14777684211731
42.3525288105011
42.65213370323181
42.850560903549194
43.05643606185913
43.32191276550293
43.514567852020264
43.71650743484497
43.9983344078064
44.19826102256775
44.39831018447876
44.67211389541626
44.86786913871765
45.07075476646423
45.34886598587036
45.54892158508301
45.73211932182312
46.0143620967865
46.208784103393555
46.412649154663086
46.68728446960449
46.90064740180969
47.10547375679016
47.37994956970215
47.571448802948
47.77600336074829
48.05071973800659
48.24815368652344
48.446049213409424
48.71671652793884
48.91824221611023
49.11763858795166
49.400562047958374
49.602166175842285
49.8142249584198
50.08283996582031
50.28407001495361
50.494499921798706
50.75701403617859
50.94725728034973
51.14883327484131
51.41616129875183
51.617780923843384
51.84294080734253
52.120124101638794
52.33287811279297
52.532559633255005
52.807002544403076
53.00774097442627
53.21459197998047
53.5059654712677
53.71593618392944
53.897620677948
54.16492438316345
54.3572952747345
54.55123805999756
54.82107400894165
55.036869525909424
55.244298219680786
55.551724672317505
55.73585534095764
55.93369007110596
56.21275305747986
56.411900758743286
56.628743410110474
56.90743803977966
57.102055311203
57.30309271812439
57.57607626914978
57.78278732299805
57.96794247627258
58.24393343925476
58.44317960739136
58.644619941711426
58.93466305732727
59.132550954818726
59.33408236503601
59.61446952819824
59.81359338760376
60.03190064430237
60.308979988098145
60.51382637023926
60.71140217781067
60.98161482810974
61.17689275741577
61.38123321533203
61.65091323852539
61.86451172828674
62.05914759635925
62.32690620422363
62.526697397232056
62.71807622909546
64.22500777244568
64.4950659275055
64.69268417358398
64.89888119697571
65.18426203727722
65.3819420337677
65.57008194923401
65.84770512580872
66.06481432914734
66.25742816925049
66.489426612854
66.69583034515381
66.89108228683472
67.15970253944397
67.3617913722992
67.5572395324707
67.82253336906433
68.02282929420471
68.2142243385315
68.47476124763489
68.64523720741272
68.79204773902893
68.97950315475464
69.32217311859131
69.5727767944336
69.76660895347595
70.03007292747498
70.22830271720886
70.43201804161072
70.7044153213501
70.91390299797058
71.1095187664032
71.35992908477783
71.55087018013
71.76244711875916
71.98685359954834
72.17781782150269
72.3636269569397
72.658686876297
72.88953757286072
73.09521913528442
73.35425662994385
73.5319836139679
73.72429466247559
73.99508309364319
74.19453048706055
74.41192579269409
74.68932676315308
74.83703565597534
75.03481578826904
75.32806253433228
75.52613615989685
75.7262794971466
75.97762727737427
76.11717224121094
76.31252765655518
76.50878977775574
76.82519960403442
77.02384114265442
77.18018817901611
77.40429973602295
77.60751533508301
77.80213761329651
78.09216856956482
78.296226978302
78.48991560935974
78.76520848274231
78.94997096061707
79.17612075805664
79.49709343910217
79.68064308166504
79.87790894508362
80.14419865608215
80.35380148887634
80.54476261138916
80.83230996131897
81.0257077217102
81.17834758758545
81.39073348045349
81.5379114151001
81.71842813491821
81.96745228767395
82.18464040756226
82.32801294326782
82.61384892463684
82.83626508712769
83.04429149627686
83.33330512046814
83.5475754737854
83.74890732765198
84.034184217453
84.26411700248718
84.52026152610779
84.80856084823608
85.03237771987915
85.24206066131592
85.46908140182495
85.67769742012024
85.90204191207886
86.2130708694458
86.44629502296448
86.66465830802917
86.94303774833679
87.09256434440613
87.29595017433167
87.58523082733154
87.79083561897278
87.93287992477417
88.1974687576294
88.41387009620667
88.61391139030457
88.84118628501892
89.09360456466675
89.311190366745
89.59208679199219
89.78891253471375
90.00847601890564
90.2805073261261
90.4798595905304
90.68337368965149
90.97661089897156
91.15521717071533
91.34367394447327
91.70160746574402
91.88904070854187
92.09059190750122
92.37422275543213
92.57913756370544
92.77817058563232
93.06499004364014
93.2584228515625
93.4668779373169
93.79444456100464
93.99042463302612
94.1783390045166
94.47435712814331
94.76000666618347
94.95015454292297
95.23101568222046
95.43602061271667
95.59175419807434
95.85827875137329
96.06094431877136
96.25094723701477
96.51086664199829
96.72260785102844
96.9214096069336
97.203848361969
97.47953844070435
97.78443312644958
97.97521424293518
98.17036819458008
98.44133710861206
98.63166737556458
