5.518172740936279
6.227872133255005
6.399062633514404
6.657757759094238
6.993118762969971
7.256760358810425
7.563841342926025
7.806227922439575
8.049226522445679
8.361724615097046
8.610174655914307
8.862700700759888
9.163630723953247
9.474244832992554
9.891542673110962
10.122735261917114
10.367440938949585
10.697928667068481
10.949453115463257
11.276836395263672
11.537949562072754
11.856067895889282
12.113884687423706
12.443046808242798
12.689561605453491
13.040104389190674
13.42170524597168
13.763484239578247
14.067671775817871
14.395467042922974
14.69783091545105
15.090506792068481
15.407550811767578
15.782282590866089
16.09929656982422
16.443644762039185
16.7499258518219
17.114871501922607
17.42527675628662
17.81678557395935
18.12347722053528
18.517451524734497
18.84276556968689
19.28581213951111
19.53796100616455
20.034785985946655
20.3658664226532
20.801032781600952
21.142553091049194
21.644972801208496
21.98882818222046
22.353718996047974
22.663207530975342
23.041481018066406
23.37430453300476
23.805185556411743
24.123592853546143
24.50678253173828
24.810116291046143
25.178645372390747
25.49822998046875
25.876612901687622
26.183928966522217
26.552330017089844
