5.022108793258667
5.866902828216553
6.098402261734009
6.754958629608154
7.052926540374756
7.759137153625488
8.742262601852417
9.053397417068481
9.756162881851196
11.504552125930786
11.799906253814697
12.402306318283081
12.679770469665527
13.244816303253174
13.567725658416748
14.333144664764404
14.638896703720093
15.258599996566772
15.688822031021118
16.50869059562683
16.848833322525024
17.510806798934937
17.912477254867554
18.706418991088867
19.05713725090027
19.755375862121582
20.543193578720093
21.431466579437256
21.836222410202026
22.656389474868774
23.0526282787323
23.847962379455566
24.185351610183716
24.883116006851196
25.375035047531128
26.209444284439087
26.542032718658447
27.201215744018555
27.51841115951538
28.21521019935608
29.364816904067993
29.94975781440735
31.081271171569824
31.450652837753296
32.25742292404175
32.94811987876892
34.144449949264526
34.71460294723511
35.851152658462524
36.14063358306885
36.76708269119263
