4.71897554397583
4.951705694198608
5.3490893840789795
5.763037204742432
6.124241828918457
6.534335374832153
6.9613189697265625
7.338631629943848
7.794450759887695
8.164660215377808
8.587672233581543
9.029810905456543
9.443114280700684
9.807237148284912
10.206848621368408
10.574689626693726
11.092897891998291
11.468271255493164
11.886077404022217
12.262683391571045
12.688482522964478
13.048731565475464
13.44361138343811
13.791412115097046
14.229408979415894
14.657035827636719
15.07081937789917
15.450149774551392
15.851237535476685
16.206318855285645
16.702173709869385
17.083273887634277
17.463378190994263
17.82216787338257
18.296005964279175
18.626621961593628
19.065733432769775
19.44025421142578
19.851744651794434
20.222538232803345
20.704415559768677
21.035909414291382
21.443458557128906
21.86484694480896
22.339862823486328
22.73867654800415
23.16533660888672
23.576492309570312
24.00158381462097
24.371999979019165
24.84237241744995
25.20616865158081
25.616213083267212
26.04050064086914
26.45498824119568
26.825884103775024
27.245100498199463
27.60809016227722
