5.554968595504761
5.876031160354614
7.185331344604492
7.832071781158447
8.503327131271362
9.16798210144043
9.833646535873413
10.52109408378601
10.673712015151978
10.95809268951416
11.308592796325684
11.597313165664673
11.952898263931274
12.243281364440918
12.590075969696045
12.88813304901123
13.239677667617798
13.521626472473145
13.90279221534729
14.225367307662964
14.579331874847412
14.87149715423584
15.230961084365845
15.29619574546814
15.413569688796997
15.517996072769165
15.62288784980774
15.725016593933105
15.902980327606201
16.011383056640625
16.125160694122314
16.253005266189575
16.364215850830078
16.609498262405396
16.929295301437378
17.62746262550354
17.69192624092102
17.808703184127808
17.914576768875122
18.023537635803223
18.206727266311646
18.311837434768677
18.425896644592285
18.528144598007202
18.631108045578003
18.82037663459778
18.921849727630615
19.024452447891235
19.134088039398193
19.232903003692627
19.405041933059692
19.508423805236816
19.60894227027893
19.715503215789795
19.814375162124634
19.995187759399414
20.09918975830078
20.204948663711548
20.31362009048462
20.421117544174194
20.591139316558838
20.688084602355957
20.79691433906555
20.905385494232178
21.014397382736206
21.196231603622437
21.308846712112427
21.42409110069275
21.524091958999634
21.624406337738037
21.804641008377075
21.913299560546875
22.015129566192627
22.114386081695557
22.213783264160156
22.398478269577026
25.03764796257019
25.196829080581665
25.30497455596924
25.435471057891846
25.550100088119507
25.66569471359253
25.863396883010864
25.97994899749756
26.08297038078308
26.190149068832397
26.336503267288208
26.626681804656982
27.120458364486694
31.076494455337524
32.07177495956421
33.084940910339355
34.06848096847534
35.06331157684326
36.0682635307312
37.057496547698975
38.07537913322449
39.07818078994751
48.73875069618225
72.8232991695404
73.07497072219849
73.72113704681396
74.80815029144287
74.9053418636322
75.0560507774353
75.20727705955505
75.42875218391418
75.57310748100281
75.7278254032135
75.8730571269989
76.09196305274963
76.24295258522034
76.37758493423462
76.5308575630188
76.77061295509338
76.92097997665405
77.07111310958862
77.22165393829346
77.44404602050781
77.58834052085876
77.74731636047363
77.90326642990112
78.1415536403656
78.29180908203125
78.44217443466187
78.59843468666077
78.82047462463379
78.9720618724823
79.11585092544556
79.2752332687378
79.50033378601074
79.65399503707886
79.80806303024292
79.95467805862427
80.16609764099121
80.31231093406677
80.45621967315674
80.6108615398407
80.82917976379395
80.97784280776978
81.12011313438416
81.2720947265625
81.47967529296875
81.63925838470459
81.77627515792847
81.92374467849731
82.14374303817749
82.30060625076294
82.44483804702759
82.59162020683289
82.8036994934082
82.94248008728027
83.08424758911133
83.23613357543945
83.43993711471558
83.59560990333557
83.74149322509766
83.8864974975586
84.10961961746216
84.25382161140442
84.40883231163025
84.56914734840393
84.81629419326782
84.98134875297546
85.13720750808716
85.28921365737915
85.49768137931824
85.63633036613464
85.77301955223083
85.92631697654724
86.14374470710754
86.29603624343872
86.44507932662964
86.59671878814697
86.82714533805847
86.93345165252686
87.11694264411926
87.30938291549683
87.56844830513
87.7522931098938
87.94099593162537
88.19284987449646
88.36916208267212
88.5458676815033
88.7963707447052
88.98208117485046
89.15794396400452
89.40419101715088
89.58330869674683
89.76687145233154
90.01992678642273
90.19464707374573
90.37468004226685
90.62431764602661
90.79498958587646
90.9704658985138
91.21727275848389
91.40140461921692
91.57650017738342
91.8129391670227
92.00771760940552
92.19288682937622
92.4507064819336
92.64341497421265
92.82051634788513
93.06076741218567
93.23946189880371
93.40612363815308
93.65058255195618
93.83024144172668
94.00598978996277
94.24904584884644
94.42856287956238
94.60722661018372
94.84547567367554
95.02761054039001
95.21189737319946
95.46568727493286
95.68035387992859
95.87712717056274
96.1494722366333
96.34906458854675
96.53660988807678
96.81110644340515
97.01146960258484
97.20829820632935
97.46560001373291
97.6452124118805
97.82665753364563
98.07871866226196
98.25365424156189
98.43725824356079
98.6868314743042
98.87457728385925
99.04215335845947
99.27659606933594
99.45255279541016
99.64207863807678
99.89871144294739
100.08842086791992
100.26655006408691
100.52121257781982
100.71125555038452
100.8927526473999
101.17098331451416
101.3641664981842
101.5605046749115
101.82039308547974
102.0026593208313
102.17365646362305
102.42523455619812
102.60804104804993
102.7823498249054
103.02848768234253
103.2076404094696
103.37876725196838
103.63415551185608
103.81328916549683
103.99511694908142
104.24367952346802
104.42980480194092
104.6075701713562
104.85959649085999
105.04427695274353
105.2433614730835
105.49694561958313
105.67502307891846
105.86007332801819
106.10936212539673
106.29181146621704
106.475426197052
106.73073363304138
106.90823912620544
107.10416722297668
107.3617491722107
107.54674339294434
107.72856950759888
107.97446918487549
108.16030192375183
108.34755825996399
108.60994911193848
108.80216550827026
108.99481725692749
109.23643898963928
109.42855095863342
109.60922193527222
109.86074495315552
110.04528498649597
110.22449994087219
110.47598218917847
110.65469098091125
110.83919143676758
111.10540175437927
111.28960609436035
111.47198152542114
111.72432208061218
111.90584254264832
112.0901746749878
112.34666085243225
112.53894925117493
112.72019004821777
112.97566843032837
113.16814303398132
113.35262060165405
113.61729216575623
113.79894042015076
113.98042726516724
114.24365639686584
114.44080924987793
114.64631128311157
114.91868805885315
115.11786484718323
115.30921292304993
115.58513641357422
115.78052401542664
115.9775161743164
116.24258089065552
116.42825222015381
116.61834216117859
116.89224791526794
117.09971404075623
117.30403017997742
117.56298661231995
117.77179026603699
117.95903205871582
118.2148175239563
118.40924572944641
118.5935583114624
118.845388174057
119.04699540138245
119.24441957473755
119.52344965934753
119.71213817596436
119.90576910972595
120.17893719673157
120.37678790092468
120.57580208778381
120.84228587150574
121.04268860816956
121.23916172981262
121.50732564926147
121.70956063270569
121.92101740837097
122.20674705505371
123.24349069595337
123.50661730766296
123.70110487937927
123.8906888961792
124.17730760574341
124.38417553901672
124.57488965988159
124.83339333534241
125.03541421890259
125.23484635353088
125.51483726501465
125.71870160102844
125.91416120529175
126.19693064689636
126.39282965660095
126.58482813835144
126.8499870300293
127.04149842262268
127.2559585571289
127.51654601097107
127.70993614196777
127.92261862754822
128.1873848438263
128.37805271148682
128.57391667366028
128.82266640663147
129.01023244857788
129.1903111934662
129.4621822834015
129.64630818367004
129.83944129943848
130.10602283477783
130.29091787338257
130.4715313911438
130.72511839866638
130.91131782531738
131.09029722213745
131.33938813209534
131.52995252609253
131.7083978652954
131.95886182785034
132.157977104187
132.3548023700714
132.6140913963318
132.7937536239624
132.9849944114685
133.24517250061035
133.4271059036255
133.62106323242188
133.88543677330017
134.0889151096344
134.28837394714355
134.5524618625641
134.74315571784973
134.94730138778687
135.2218849658966
135.42004132270813
135.61908054351807
135.88423705101013
136.1030671596527
136.3183615207672
136.68375205993652
136.90258145332336
137.11624765396118
137.40321826934814
137.62019157409668
137.82380557060242
138.16052865982056
138.3526954650879
138.55130648612976
138.83151769638062
139.0322196483612
139.21435642242432
139.48552417755127
139.66434812545776
139.8371570110321
140.06929278373718
140.2455871105194
140.43055152893066
140.67479801177979
140.86161851882935
141.04629611968994
141.2967517375946
141.4822437763214
141.66476583480835
141.90692114830017
142.08614993095398
142.2647156715393
142.5083749294281
142.68164253234863
142.8499674797058
143.0969042778015
143.27189898490906
143.4401409626007
143.67557072639465
143.84708452224731
144.02204012870789
144.2553026676178
144.4309732913971
144.60372233390808
144.84760904312134
145.02099108695984
145.19861769676208
145.44402074813843
145.62979221343994
145.81019401550293
146.0500135421753
146.235933303833
146.4156732559204
146.65082788467407
146.8258364200592
147.00535988807678
147.2494797706604
147.42724990844727
147.60896611213684
147.8484981060028
148.02675127983093
148.2088656425476
148.4479157924652
148.6268527507782
148.8068368434906
149.05629348754883
149.24043703079224
149.41241002082825
149.65695810317993
149.82808589935303
150.00216102600098
150.23684930801392
150.41652274131775
150.5883765220642
150.8261435031891
151.0096628665924
151.190327167511
151.44294142723083
151.6246862411499
151.79885864257812
152.0459167957306
152.23130059242249
152.5935356616974
152.8433780670166
153.01466488838196
153.18780827522278
153.42499327659607
153.6005620956421
153.77013683319092
154.01244616508484
154.18497681617737
154.35716581344604
154.59062814712524
154.75984048843384
154.93231582641602
155.17605018615723
155.3490869998932
155.52363300323486
155.77021145820618
155.94551420211792
156.13329029083252
156.3715558052063
156.53681755065918
156.70162653923035
156.9362165927887
157.10268545150757
157.27596640586853
157.52404046058655
157.71126770973206
157.88292455673218
158.11847615242004
158.2939534187317
158.47114515304565
158.70292568206787
158.8737404346466
159.05108761787415
159.31383633613586
159.5037317276001
159.6757092475891
159.92248249053955
160.10920000076294
160.2864978313446
160.54587030410767
160.72542810440063
160.90765571594238
161.1495816707611
161.32399678230286
161.50299191474915
161.73757886886597
161.90945434570312
162.09448909759521
162.33408451080322
162.52466583251953
162.69972038269043
162.9549057483673
163.16068124771118
163.34273171424866
163.59547901153564
163.77351117134094
