6.101014137268066
7.629985094070435
10.581822872161865
13.615885734558105
18.298961400985718
21.342325925827026
24.418513536453247
27.4555926322937
30.477418899536133
33.526272773742676
36.60736298561096
39.677921533584595
42.681960582733154
45.67523813247681
48.681960344314575
51.65721607208252
54.62776494026184
57.58928442001343
60.61664700508118
63.58532094955444
66.4817464351654
69.51290965080261
72.51953172683716
75.50484490394592
78.5325562953949
81.55149936676025
84.58237433433533
87.58605289459229
90.54931879043579
93.5953369140625
96.62838172912598
