5.8023974895477295
6.146827697753906
6.857035160064697
7.874562501907349
9.722676038742065
11.437931299209595
13.200364828109741
14.959705352783203
16.66828751564026
18.3835232257843
20.087889432907104
21.743666648864746
23.372467041015625
24.96296525001526
26.596867322921753
28.230716466903687
29.835201501846313
31.503164529800415
33.11014151573181
34.71440410614014
36.411224126815796
38.105480670928955
39.796337604522705
41.51272773742676
43.21124529838562
44.9486403465271
46.68037986755371
48.34870743751526
50.1610848903656
51.867037773132324
53.51191568374634
55.297064781188965
57.01350235939026
58.695289850234985
60.347350120544434
62.010324478149414
63.66980576515198
65.35391879081726
66.99030113220215
68.71377730369568
70.34009838104248
71.9592387676239
73.67997455596924
75.3119580745697
76.95549535751343
78.60249066352844
80.3083848953247
82.06476879119873
83.78555846214294
85.46226072311401
87.15676403045654
88.91274833679199
90.67897033691406
92.38986420631409
94.03613781929016
95.8167736530304
97.57580971717834
99.29926633834839
101.06590962409973
102.78020215034485
104.6574444770813
106.54785108566284
108.36256718635559
110.06777548789978
111.83419871330261
113.700519323349
115.65701055526733
117.60776352882385
119.45295739173889
121.29906296730042
123.24329161643982
125.06124329566956
126.86181497573853
128.4446234703064
130.02368640899658
131.77480578422546
133.53374242782593
135.3368535041809
137.13218474388123
138.98757553100586
140.84878611564636
142.75158381462097
144.56801915168762
146.34507536888123
148.1284945011139
149.92534232139587
151.80462789535522
153.6173553466797
155.4818365573883
157.31796884536743
159.14440321922302
160.95071458816528
162.75685930252075
164.57946968078613
166.41260027885437
168.29066562652588
170.1324622631073
171.9427134990692
173.7276303768158
175.53926301002502
177.32888174057007
179.13798141479492
181.06810450553894
182.90011954307556
184.73873353004456
186.5155177116394
188.35073852539062
190.099942445755
191.86433672904968
193.7861626148224
196.58262062072754
