5.163483381271362
5.536314249038696
5.954791069030762
6.531682729721069
6.926751613616943
7.385158538818359
7.858400106430054
8.304199934005737
8.752805233001709
9.232861280441284
9.685898303985596
10.162178993225098
10.631059646606445
11.168307542800903
11.626331806182861
12.095171928405762
12.53072738647461
13.084197759628296
13.491538763046265
13.981555461883545
14.467855215072632
14.936221599578857
15.39746642112732
15.860004186630249
16.43545174598694
16.935802459716797
17.412680625915527
17.87055015563965
18.364433526992798
18.779802322387695
19.29258966445923
19.84368109703064
20.413463354110718
20.901848554611206
21.322858333587646
21.78110384941101
22.246204137802124
22.694488763809204
23.146336317062378
23.61791467666626
24.084264278411865
24.546483039855957
24.98965573310852
25.443140983581543
25.89900493621826
26.327615976333618
26.8630154132843
27.32935118675232
27.79260492324829
28.25192403793335
28.6810302734375
29.12149977684021
29.593255519866943
30.10219383239746
30.54638147354126
31.028148651123047
31.488398790359497
31.923514366149902
