5.5735883712768555
6.027238845825195
7.0549092292785645
8.05071759223938
8.78597640991211
9.518985271453857
10.876183032989502
12.205127716064453
13.551577806472778
14.932533025741577
16.253702640533447
17.666038513183594
17.91114854812622
18.31157088279724
18.632229328155518
19.023335695266724
19.34091544151306
19.723692893981934
19.970707416534424
20.3433039188385
20.71273636817932
21.095598936080933
21.382628679275513
21.750962018966675
22.094306468963623
22.4841206073761
22.817737340927124
23.234743118286133
23.5359845161438
23.893022537231445
24.172634601593018
24.528926610946655
24.830416202545166
25.202155828475952
