(943, 404)
(904, 403)
(885, 412)
(889, 428)
(882, 439)
(880, 445)
(879, 450)
(875, 365)
(875, 327)
(873, 299)
(873, 277)
(872, 264)
(872, 253)
(872, 249)
(872, 245)
(873, 246)
(874, 247)
(877, 250)
(876, 252)
(876, 254)
(877, 257)
(879, 259)
(870, 233)
(864, 218)
(861, 207)
(857, 199)
(855, 192)
(852, 187)
(849, 181)
(846, 178)
(844, 175)
(842, 173)
(841, 171)
(832, 154)
(822, 135)
(801, 98)
(798, 93)
(794, 88)
(791, 84)
(789, 80)
(786, 75)
(786, 74)
(785, 73)
(785, 72)
(785, 71)
(783, 69)
(783, 69)
(783, 70)
(782, 71)
(781, 73)
(779, 73)
(778, 75)
(777, 76)
(777, 78)
(777, 79)
(776, 80)
(776, 82)
(776, 83)
(777, 84)
(777, 85)
(778, 86)
(778, 87)
(778, 89)
(772, 90)
(764, 93)
(752, 96)
(740, 99)
(722, 103)
(704, 106)
(687, 109)
(665, 114)
(650, 119)
(638, 123)
(628, 128)
(621, 132)
(611, 138)
(606, 160)
(633, 155)
(643, 152)
(646, 151)
(638, 149)
(628, 149)
(621, 149)
(616, 149)
(614, 150)
(616, 151)
(622, 150)
(644, 149)
(725, 142)
(721, 150)
(400, 185)
(745, 130)
(694, 125)
(676, 121)
(661, 120)
(648, 122)
(653, 127)
(621, 141)
(840, 192)
(829, 334)
(833, 336)
(892, 247)
(1011, 164)
(1019, 162)
(1027, 156)
(1033, 151)
(1042, 144)
(1044, 143)
(1045, 141)
(1046, 141)
(1049, 138)
(1048, 139)
(1046, 141)
(1045, 142)
(1045, 142)
(1041, 145)
(1038, 147)
(1035, 150)
(1032, 152)
(1029, 155)
(1026, 157)
(1023, 159)
(1020, 161)
(1017, 163)
(1015, 164)
(1013, 165)
(1011, 166)
(1010, 167)
(1009, 167)
(1009, 168)
(1008, 168)
(1008, 169)
(1008, 169)
(1008, 169)
(1008, 169)
(1008, 169)
(1008, 169)
(1008, 169)
(1008, 169)
(1008, 169)
(1007, 169)
(1007, 169)
(1007, 169)
(1007, 169)
(1008, 169)
(1008, 169)
(1010, 169)
(1012, 169)
(1015, 168)
(1019, 167)
(1024, 166)
(1028, 165)
(1033, 164)
(1038, 162)
(1045, 160)
(1051, 158)
(1056, 156)
(1060, 154)
(1064, 151)
(1066, 149)
(1067, 146)
(1067, 145)
(1066, 144)
(1065, 144)
(1063, 144)
(1060, 144)
(1057, 144)
(1053, 145)
(1048, 146)
(1043, 147)
(1036, 148)
(1029, 150)
(1023, 151)
(1016, 154)
(1035, 151)
(1051, 148)
(1066, 146)
(1080, 144)
(1094, 142)
(1104, 140)
(1112, 139)
(1120, 138)
(1124, 137)
(1127, 137)
(1131, 136)
(1132, 136)
(1133, 135)
(1134, 135)
(1133, 135)
(1132, 135)
(1132, 135)
(1130, 136)
(1129, 136)
(1129, 136)
(1128, 137)
(1127, 137)
(1126, 137)
(1125, 137)
(1122, 138)
(1121, 138)
(1120, 138)
(1120, 138)
(1119, 138)
(1119, 138)
(1118, 138)
(1118, 138)
(1118, 138)
(1117, 138)
(1117, 138)
(1117, 138)
(1117, 138)
(1117, 138)
(1117, 138)
(1117, 138)
(1117, 138)
(1117, 138)
(1117, 138)
(1117, 138)
(1118, 138)
(1118, 138)
(1118, 138)
(1118, 138)
(1118, 138)
(1118, 138)
(1118, 138)
(1118, 138)
(1118, 138)
(1118, 138)
(1118, 138)
(1118, 138)
(1118, 138)
(1118, 138)
(1118, 138)
(1118, 138)
(1118, 138)
(1118, 138)
(1118, 138)
(1118, 138)
(1118, 138)
(1118, 138)
(1118, 138)
(1118, 138)
(1118, 138)
(1118, 138)
(1118, 138)
(1118, 138)
(1118, 138)
(1118, 138)
(1118, 138)
(1118, 138)
(1118, 138)
(1118, 138)
(1118, 138)
(1118, 138)
(1118, 138)
(1118, 138)
(1118, 138)
(1118, 138)
(1118, 138)
(1118, 138)
(1118, 138)
(1118, 138)
(1118, 138)
(1118, 138)
(1118, 138)
(1118, 138)
(1118, 138)
(1118, 138)
(1118, 138)
(1118, 138)
(1118, 138)
(1118, 138)
(1118, 138)
(1118, 138)
(1118, 138)
(1118, 138)
(1118, 138)
(1118, 138)
(1118, 138)
(1118, 138)
(1118, 138)
(1118, 138)
(1118, 138)
(1118, 138)
(1118, 138)
(1118, 138)
(1118, 138)
(1118, 138)
(1118, 138)
(1118, 138)
(1118, 138)
(1118, 138)
(1118, 138)
(1118, 138)
(1118, 138)
(1118, 138)
(1118, 138)
(1118, 138)
(1118, 138)
(1118, 138)
(1118, 138)
(1118, 138)
(1118, 138)
(1118, 138)
(1118, 138)
(1118, 138)
(1118, 138)
(1118, 138)
(1118, 138)
(1118, 138)
(1118, 138)
(1118, 138)
(1118, 138)
(1118, 138)
(1118, 138)
(1118, 138)
(1118, 138)
(1118, 138)
(1118, 138)
(1118, 138)
(1118, 138)
(1118, 138)
(1118, 138)
(1118, 138)
(1118, 138)
(1118, 138)
(1118, 138)
(1118, 138)
(1118, 138)
(1118, 138)
(1118, 138)
(1118, 138)
(1118, 138)
(1118, 138)
(1118, 138)
(1118, 138)
(1118, 138)
(1118, 138)
(1118, 138)
(1118, 138)
(1118, 138)
(1118, 138)
(1118, 138)
(1118, 139)
(1122, 136)
(1120, 135)
(1119, 135)
(1118, 134)
(1118, 134)
(1117, 134)
(1118, 134)
(1118, 135)
(1118, 135)
(1118, 135)
(1118, 136)
(1117, 136)
(1117, 137)
(1116, 137)
(1116, 138)
(1117, 137)
(1116, 138)
(1116, 138)
(1113, 138)
(1103, 140)
(1085, 144)
(1061, 150)
(1033, 155)
(1011, 160)
(994, 163)
(972, 168)
(952, 172)
(932, 175)
(907, 178)
(891, 181)
(878, 184)
(865, 186)
(860, 187)
(858, 187)
(861, 185)
(876, 182)
(901, 177)
(936, 170)
(975, 162)
(1018, 153)
(1062, 141)
(1098, 132)
(1129, 124)
(1153, 121)
(1149, 125)
(1140, 125)
(1134, 128)
(1123, 136)
(1117, 137)
(1118, 130)
(1118, 134)
(1119, 135)
(1120, 137)
(1119, 134)
(1119, 134)
(1118, 133)
(1117, 134)
(1116, 135)
(1115, 135)
(1113, 135)
(1113, 135)
(1112, 135)
(1111, 135)
(1110, 136)
(1110, 136)
(1109, 136)
(1109, 136)
(1108, 136)
(1108, 136)
(1108, 136)
(1108, 136)
(1108, 136)
(1108, 136)
(1107, 136)
(1108, 136)
(1108, 136)
(1108, 136)
(1108, 136)
(1108, 136)
(1108, 136)
(1108, 136)
(1108, 136)
(1108, 136)
(1108, 136)
(1108, 136)
(1108, 136)
(1108, 136)
(1108, 136)
(1109, 135)
(1109, 135)
(1110, 135)
(1110, 136)
(1110, 136)
(1110, 135)
(1110, 135)
(1110, 135)
(1110, 135)
(1110, 135)
(1108, 135)
(1096, 140)
(1072, 147)
(1042, 153)
(1006, 160)
(960, 172)
(920, 181)
(885, 187)
(847, 194)
(819, 199)
(799, 202)
(778, 206)
(768, 207)
(761, 208)
(752, 209)
(747, 210)
(736, 211)
(715, 214)
(691, 216)
(665, 217)
(624, 219)
(584, 221)
(546, 222)
(502, 224)
(473, 223)
(452, 224)
(428, 224)
(419, 223)
(414, 222)
(414, 222)
(425, 221)
(442, 221)
(470, 220)
(510, 219)
(553, 218)
(609, 217)
(660, 215)
(710, 213)
(772, 211)
(827, 207)
(891, 203)
(931, 202)
(957, 200)
(979, 198)
(1004, 195)
(1015, 194)
(1021, 193)
(1027, 191)
(1019, 189)
(1007, 189)
(998, 188)
(986, 190)
(975, 190)
(966, 190)
(956, 192)
(948, 193)
(940, 194)
(933, 194)
(927, 195)
(922, 196)
(918, 197)
(915, 197)
(911, 197)
(910, 197)
(908, 197)
(906, 198)
(905, 198)
(905, 198)
(904, 198)
(904, 198)
(905, 197)
(905, 198)
(905, 198)
(905, 198)
(906, 198)
(906, 197)
(907, 197)
(907, 197)
(908, 197)
(908, 197)
(909, 198)
(909, 198)
(909, 198)
(909, 198)
(909, 198)
(909, 198)
(909, 198)
(909, 198)
(908, 198)
(908, 198)
(908, 198)
(908, 198)
(908, 198)
(907, 197)
(907, 198)
(906, 198)
(906, 198)
