(943.0, 403.5)
(895.0, 402.5)
(885.0, 413.5)
(895.0, 434.5)
(881.0, 439.5)
(883.0, 442.5)
(881.0, 447.5)
(875.5, 271.5)
(874.5, 270.5)
(873.5, 271.5)
(874.5, 272.5)
(873.5, 271.5)
(874.5, 272.5)
(873.5, 271.5)
(874.5, 270.5)
(875.5, 271.5)
(878.5, 272.5)
(881.5, 269.5)
(874.5, 268.5)
(873.5, 267.5)
(880.5, 268.5)
(881.5, 267.5)
(850.5, 180.5)
(849.5, 179.5)
(850.5, 180.5)
(847.5, 179.5)
(848.5, 180.5)
(845.5, 181.5)
(842.5, 182.5)
(841.5, 181.5)
(842.5, 182.5)
(841.5, 181.5)
(840.5, 182.5)
(810.5, 115.0)
(809.5, 115.0)
(792.0, 87.5)
(792.0, 88.5)
(792.0, 87.5)
(792.0, 88.5)
(792.0, 87.5)
(794.0, 88.5)
(794.0, 87.5)
(794.0, 88.5)
(794.0, 87.5)
(794.0, 86.5)
(792.0, 87.5)
(790.0, 88.5)
(790.0, 89.5)
(786.0, 90.5)
(784.0, 91.5)
(782.0, 92.5)
(782.0, 91.5)
(780.0, 92.5)
(780.0, 91.5)
(782.0, 92.5)
(782.0, 91.5)
(782.0, 92.5)
(784.0, 91.5)
(784.0, 92.5)
(784.0, 91.5)
(784.0, 92.5)
(782.0, 93.5)
(778.0, 94.5)
(748.0, 97.5)
(728.0, 104.5)
(708.0, 109.5)
(692.0, 110.5)
(652.0, 113.5)
(634.0, 116.5)
(620.0, 121.5)
(612.0, 126.5)
(614.0, 131.5)
(614.0, 136.5)
(618.0, 141.5)
(626.0, 144.5)
(634.0, 147.5)
(650.0, 150.5)
(658.0, 149.5)
(656.0, 146.5)
(644.0, 145.5)
(594.0, 144.5)
(562.0, 145.5)
(540.0, 150.5)
(542.0, 155.5)
(546.0, 158.5)
(556.0, 159.5)
(572.0, 158.5)
(571.0, 154.0)
(555.0, 162.0)
(619.0, 160.0)
(589.0, 158.0)
(645.0, 144.0)
(647.0, 130.0)
(647.0, 126.0)
(643.0, 126.0)
(637.0, 128.0)
(659.0, 132.0)
(599.0, 150.0)
(840.5, 192.0)
(828.5, 334.0)
(827.5, 336.0)
(893.5, 243.0)
(1015.5, 169.5)
(1016.5, 168.5)
(1015.5, 167.5)
(1014.5, 168.5)
(1013.5, 167.5)
(1014.5, 168.5)
(1013.5, 167.5)
(1014.5, 168.5)
(1013.5, 167.5)
(1014.5, 168.5)
(1013.5, 167.5)
(1014.5, 168.5)
(1013.5, 167.5)
(1012.5, 168.5)
(1011.5, 169.5)
(1010.5, 170.5)
(1009.5, 169.5)
(1010.5, 170.5)
(1009.5, 169.5)
(1010.5, 170.5)
(1007.5, 169.5)
(1006.5, 170.5)
(1005.5, 169.5)
(1008.5, 168.5)
(1007.5, 167.5)
(1008.5, 168.5)
(1009.5, 167.5)
(1010.5, 168.5)
(1009.5, 167.5)
(1010.5, 168.5)
(1009.5, 167.5)
(1010.5, 168.5)
(1009.5, 167.5)
(1010.5, 168.5)
(1009.5, 167.5)
(1010.5, 168.5)
(1007.5, 167.5)
(1008.5, 168.5)
(1007.5, 167.5)
(1008.5, 168.5)
(1007.5, 167.5)
(1008.5, 168.5)
(1009.5, 169.5)
(1010.5, 170.5)
(1017.5, 167.5)
(1020.5, 166.5)
(1025.5, 165.5)
(1030.5, 164.5)
(1037.5, 161.5)
(1040.5, 162.5)
(1045.5, 159.5)
(1050.5, 158.5)
(1057.5, 155.5)
(1064.5, 152.5)
(1065.5, 151.5)
(1064.5, 148.5)
(1059.5, 145.5)
(1060.5, 144.5)
(1059.5, 143.5)
(1054.5, 146.5)
(1049.5, 147.5)
(1050.5, 148.5)
(1049.5, 147.5)
(1046.5, 148.5)
(1039.5, 149.5)
(1036.5, 150.5)
(1027.5, 151.5)
(1024.5, 152.5)
(1017.5, 153.5)
(1010.5, 156.5)
(1005.5, 157.5)
(1000.5, 162.5)
(1118.5, 137.5)
(1117.5, 138.5)
(1118.5, 137.5)
(1117.5, 138.5)
(1118.5, 137.5)
(1117.5, 138.5)
(1118.5, 137.5)
(1117.5, 138.5)
(1118.5, 137.5)
(1117.5, 138.5)
(1118.5, 137.5)
(1119.5, 138.5)
(1120.5, 135.5)
(1121.5, 136.5)
(1118.5, 137.5)
(1117.5, 138.5)
(1118.5, 137.5)
(1119.5, 138.5)
(1120.5, 137.5)
(1121.5, 138.5)
(1122.5, 137.5)
(1121.5, 138.5)
(1120.5, 137.5)
(1117.5, 138.5)
(1114.5, 139.5)
(1115.5, 138.5)
(1120.5, 137.5)
(1119.5, 138.5)
(1118.5, 137.5)
(1117.5, 138.5)
(1118.5, 137.5)
(1117.5, 138.5)
(1118.5, 137.5)
(1117.5, 138.5)
(1118.5, 137.5)
(1117.5, 138.5)
(1118.5, 137.5)
(1117.5, 138.5)
(1118.5, 137.5)
(1117.5, 138.5)
(1118.5, 137.5)
(1117.5, 138.5)
(1118.5, 137.5)
(1117.5, 138.5)
(1118.5, 137.5)
(1117.5, 138.5)
(1118.5, 137.5)
(1117.5, 138.5)
(1118.5, 137.5)
(1117.5, 138.5)
(1118.5, 137.5)
(1117.5, 138.5)
(1118.5, 137.5)
(1117.5, 138.5)
(1118.5, 137.5)
(1117.5, 138.5)
(1118.5, 137.5)
(1117.5, 138.5)
(1118.5, 137.5)
(1117.5, 138.5)
(1118.5, 137.5)
(1117.5, 138.5)
(1118.5, 137.5)
(1117.5, 138.5)
(1118.5, 137.5)
(1117.5, 138.5)
(1118.5, 137.5)
(1117.5, 138.5)
(1118.5, 137.5)
(1117.5, 138.5)
(1118.5, 137.5)
(1117.5, 138.5)
(1118.5, 137.5)
(1117.5, 138.5)
(1118.5, 137.5)
(1117.5, 138.5)
(1118.5, 137.5)
(1117.5, 138.5)
(1118.5, 137.5)
(1117.5, 138.5)
(1118.5, 137.5)
(1117.5, 138.5)
(1118.5, 137.5)
(1117.5, 138.5)
(1118.5, 137.5)
(1117.5, 138.5)
(1118.5, 137.5)
(1117.5, 138.5)
(1118.5, 137.5)
(1117.5, 138.5)
(1118.5, 137.5)
(1117.5, 138.5)
(1118.5, 137.5)
(1117.5, 138.5)
(1118.5, 137.5)
(1117.5, 138.5)
(1118.5, 137.5)
(1117.5, 138.5)
(1118.5, 137.5)
(1117.5, 138.5)
(1118.5, 137.5)
(1117.5, 138.5)
(1118.5, 137.5)
(1117.5, 138.5)
(1118.5, 137.5)
(1117.5, 138.5)
(1118.5, 137.5)
(1117.5, 138.5)
(1118.5, 137.5)
(1117.5, 138.5)
(1118.5, 137.5)
(1117.5, 138.5)
(1118.5, 137.5)
(1117.5, 138.5)
(1118.5, 137.5)
(1117.5, 138.5)
(1118.5, 137.5)
(1117.5, 138.5)
(1118.5, 137.5)
(1117.5, 138.5)
(1118.5, 137.5)
(1117.5, 138.5)
(1118.5, 137.5)
(1117.5, 138.5)
(1118.5, 137.5)
(1117.5, 138.5)
(1118.5, 137.5)
(1117.5, 138.5)
(1118.5, 137.5)
(1117.5, 138.5)
(1118.5, 137.5)
(1117.5, 138.5)
(1118.5, 139.5)
(1117.5, 138.5)
(1118.5, 137.5)
(1117.5, 138.5)
(1118.5, 137.5)
(1117.5, 138.5)
(1118.5, 137.5)
(1117.5, 138.5)
(1118.5, 137.5)
(1117.5, 138.5)
(1118.5, 137.5)
(1117.5, 138.5)
(1118.5, 137.5)
(1117.5, 138.5)
(1118.5, 137.5)
(1117.5, 138.5)
(1118.5, 137.5)
(1117.5, 138.5)
(1118.5, 137.5)
(1117.5, 138.5)
(1118.5, 137.5)
(1117.5, 138.5)
(1118.5, 137.5)
(1117.5, 138.5)
(1118.5, 137.5)
(1117.5, 138.5)
(1118.5, 137.5)
(1117.5, 138.5)
(1118.5, 137.5)
(1117.5, 138.5)
(1118.5, 137.5)
(1117.5, 138.5)
(1118.5, 137.5)
(1117.5, 138.5)
(1118.5, 137.5)
(1117.5, 138.5)
(1118.5, 137.5)
(1119.5, 140.5)
(1124.5, 133.5)
(1117.5, 134.5)
(1116.5, 133.5)
(1115.5, 134.5)
(1116.5, 135.5)
(1117.5, 134.5)
(1118.5, 135.5)
(1117.5, 136.5)
(1118.5, 135.5)
(1117.5, 136.5)
(1118.5, 137.5)
(1115.5, 138.5)
(1116.5, 137.5)
(1115.5, 138.5)
(1116.5, 137.5)
(1117.5, 136.5)
(1116.5, 137.5)
(1115.5, 138.5)
(1104.5, 139.5)
(1077.5, 142.5)
(1032.5, 155.5)
(1001.5, 164.5)
(976.5, 163.5)
(973.5, 168.5)
(970.5, 167.5)
(949.5, 172.5)
(928.5, 177.5)
(907.5, 174.5)
(890.5, 177.5)
(885.5, 182.5)
(884.5, 183.5)
(885.5, 182.5)
(886.5, 181.5)
(889.5, 180.5)
(914.5, 171.5)
(953.5, 166.5)
(1002.5, 157.5)
(1049.5, 148.5)
(1092.5, 137.5)
(1135.5, 130.5)
(1150.5, 115.5)
(1159.5, 112.5)
(1168.5, 115.5)
(1145.5, 132.5)
(1082.5, 147.5)
(1059.5, 138.5)
(1062.5, 147.5)
(1055.5, 166.5)
(1074.5, 143.5)
(1095.5, 112.5)
(1104.5, 149.5)
(1105.5, 140.5)
(1106.5, 143.5)
(1107.5, 126.5)
(1108.5, 135.5)
(1107.5, 132.5)
(1106.5, 137.5)
(1107.5, 138.5)
(1106.5, 135.5)
(1107.5, 134.5)
(1108.5, 135.5)
(1107.5, 136.5)
(1108.5, 135.5)
(1107.5, 136.5)
(1108.5, 135.5)
(1107.5, 136.5)
(1108.5, 135.5)
(1107.5, 136.5)
(1108.5, 135.5)
(1107.5, 136.5)
(1108.5, 135.5)
(1107.5, 136.5)
(1108.5, 135.5)
(1107.5, 136.5)
(1108.5, 135.5)
(1107.5, 136.5)
(1108.5, 135.5)
(1107.5, 136.5)
(1108.5, 135.5)
(1107.5, 136.5)
(1108.5, 135.5)
(1107.5, 136.5)
(1108.5, 135.5)
(1107.5, 136.5)
(1108.5, 135.5)
(1107.5, 136.5)
(1108.5, 135.5)
(1109.5, 134.5)
(1110.5, 133.5)
(1109.5, 136.5)
(1110.5, 135.5)
(1109.5, 136.5)
(1108.5, 135.5)
(1109.5, 134.5)
(1110.5, 133.5)
(1109.5, 134.5)
(1110.5, 135.5)
(1109.5, 134.5)
(1100.5, 135.5)
(1055.5, 156.5)
(1002.5, 167.5)
(957.5, 168.5)
(904.5, 177.5)
(863.5, 198.5)
(840.5, 197.5)
(825.5, 194.5)
(810.5, 197.5)
(799.5, 200.5)
(802.5, 197.5)
(801.5, 198.5)
(802.5, 197.5)
(801.5, 198.5)
(802.5, 197.5)
(783.5, 202.5)
(750.5, 205.5)
(707.5, 212.5)
(658.5, 213.5)
(633.5, 214.5)
(566.5, 215.5)
(513.5, 218.5)
(490.5, 217.5)
(469.5, 222.5)
(462.5, 213.5)
(459.5, 222.5)
(462.5, 219.5)
(463.5, 214.5)
(468.5, 215.5)
(499.5, 218.5)
(516.5, 217.5)
(547.5, 218.5)
(602.5, 215.5)
(657.5, 214.5)
(698.5, 215.5)
(757.5, 214.5)
(786.5, 209.5)
(827.5, 206.5)
(876.5, 205.5)
(925.5, 196.5)
(912.5, 199.5)
(931.5, 204.5)
(950.5, 197.5)
(963.5, 194.5)
(968.5, 193.5)
(967.5, 194.5)
(962.5, 193.5)
(949.5, 190.5)
(926.5, 189.5)
(911.5, 192.5)
(912.5, 191.5)
(913.5, 200.5)
(912.5, 193.5)
(913.5, 192.5)
(914.5, 201.5)
(913.5, 198.5)
(912.5, 195.5)
(911.5, 196.5)
(912.5, 195.5)
(911.5, 198.5)
(912.5, 199.5)
(911.5, 198.5)
(910.5, 195.5)
(911.5, 196.5)
(910.5, 195.5)
(909.5, 198.5)
(910.5, 197.5)
(909.5, 198.5)
(910.5, 197.5)
(909.5, 196.5)
(910.5, 195.5)
(909.5, 198.5)
(910.5, 197.5)
(909.5, 196.5)
(910.5, 197.5)
(909.5, 196.5)
(910.5, 195.5)
(909.5, 196.5)
(910.5, 197.5)
(909.5, 198.5)
(910.5, 199.5)
(909.5, 198.5)
(910.5, 197.5)
(909.5, 198.5)
(908.5, 197.5)
(907.5, 198.5)
(908.5, 197.5)
(907.5, 198.5)
(908.5, 197.5)
(907.5, 198.5)
(908.5, 197.5)
(907.5, 196.5)
(906.5, 197.5)
(905.5, 196.5)
(906.5, 199.5)
(905.5, 198.5)
(906.5, 197.5)
