5.032977819442749
8.040784358978271
8.787995338439941
9.302116870880127
10.192646265029907
10.590561151504517
11.609719276428223
13.07001781463623
14.534869194030762
15.27084469795227
15.722821950912476
16.64505672454834
17.275290727615356
17.598220825195312
18.199687957763672
19.06430673599243
19.702534914016724
20.681378841400146
22.9820818901062
23.584298372268677
24.01081609725952
24.85317611694336
26.162714958190918
28.445520401000977
29.113643884658813
29.5258207321167
30.296260833740234
30.703086614608765
31.450896501541138
