4.700482130050659
5.061343669891357
5.698035955429077
6.325275421142578
6.998095273971558
7.575332880020142
8.206855535507202
8.899492263793945
9.080535173416138
9.326356887817383
9.622494220733643
9.8724045753479
10.10938835144043
10.504290342330933
10.945444107055664
11.924522399902344
12.64441990852356
13.123210668563843
14.363330602645874
14.675001859664917
15.436090230941772
15.908713340759277
16.874990224838257
17.84491991996765
18.789771795272827
19.840495347976685
20.127660274505615
20.90191102027893
22.474700450897217
22.743401765823364
23.294585943222046
23.493362426757812
23.77543568611145
24.19131851196289
