5.631098985671997
5.7710747718811035
5.984849452972412
6.287016153335571
6.50362229347229
6.703678369522095
6.9740309715271
7.1799681186676025
7.398280620574951
7.697268009185791
7.923183917999268
8.162779331207275
8.490370035171509
8.71583104133606
8.930902242660522
9.222620010375977
9.30278205871582
9.40170431137085
9.502002000808716
9.601659059524536
9.705816984176636
9.862436294555664
9.934950351715088
10.00710916519165
10.105759859085083
10.210821151733398
10.309731483459473
10.464892625808716
10.537252187728882
10.61741590499878
10.71449899673462
10.81473708152771
10.91376519203186
11.072081565856934
11.14028811454773
11.224458456039429
11.319913625717163
11.42519235610962
11.537437915802002
11.704129219055176
11.78108286857605
11.85556149482727
11.928160429000854
12.026876449584961
12.126624822616577
12.264334440231323
12.341678619384766
12.426497220993042
12.530260562896729
12.63063097000122
12.729548692703247
12.862823009490967
12.950520277023315
13.034002542495728
13.133965730667114
13.23385500907898
13.334062814712524
13.47253942489624
13.540345430374146
13.637767791748047
13.73775863647461
13.84261679649353
13.942662954330444
14.08066439628601
14.151259899139404
14.242741346359253
14.345927715301514
14.446099519729614
14.545843124389648
14.682919025421143
14.750205755233765
14.849853277206421
14.949793815612793
15.049667119979858
15.1496262550354
15.27816390991211
15.355129718780518
15.453694820404053
15.553714990615845
15.653679132461548
15.757678508758545
15.89736032485962
15.968065738677979
16.058562755584717
16.162019729614258
16.262072801589966
16.361618518829346
16.488747596740723
16.56293034553528
16.665957927703857
16.767693281173706
16.86754322052002
16.965949058532715
17.110790967941284
17.182921409606934
17.269989013671875
17.36988854408264
17.46989154815674
17.57467818260193
17.71748423576355
17.785123586654663
17.87472105026245
17.97774863243103
18.07811689376831
18.1782169342041
18.30686068534851
18.386266231536865
18.48172426223755
18.58184266090393
18.68179988861084
18.78188681602478
18.92118549346924
18.993427276611328
19.085721015930176
19.185840845108032
19.285813331604004
19.390762329101562
19.523781538009644
19.597729921340942
19.69085192680359
19.790834665298462
19.893725633621216
19.99461340904236
20.133376121520996
20.19902777671814
20.2985360622406
20.401097059249878
20.49877381324768
20.598010063171387
20.72826361656189
20.802711248397827
20.901710748672485
21.001838445663452
21.10179829597473
21.20576786994934
21.344374656677246
21.421626329421997
21.507012844085693
21.60665488243103
21.709677696228027
21.81037712097168
21.943302392959595
22.019976139068604
22.115306615829468
22.214729070663452
22.31366801261902
22.41368007659912
22.5463387966156
22.6228768825531
22.71836543083191
22.81786060333252
22.917856693267822
23.022807121276855
23.15897798538208
23.22935128211975
23.322927236557007
23.42321515083313
23.52647829055786
23.625720739364624
23.760567665100098
23.832648277282715
23.926637172698975
24.029799222946167
24.129734754562378
24.229719638824463
24.362561464309692
24.435222148895264
24.533761262893677
24.63380479812622
24.73373556137085
24.833765029907227
24.961976289749146
25.038819074630737
25.138857126235962
25.238905906677246
25.342342615127563
25.442941904067993
25.60031533241272
25.686044216156006
25.7590491771698
25.845806121826172
25.94580388069153
26.045751333236694
26.17766833305359
26.251205444335938
26.3509361743927
26.44996452331543
26.550488471984863
26.65018081665039
26.79080820083618
26.856009006500244
26.954923152923584
27.05501890182495
27.15830373764038
27.25854182243347
27.391603708267212
27.461638689041138
27.5584237575531
27.66183829307556
27.761800050735474
27.861776113510132
27.992734670639038
28.062065601348877
28.165788888931274
28.26583957672119
28.365844249725342
28.465917110443115
28.59175992012024
28.670862436294556
28.771012544631958
28.870912075042725
28.9709415435791
29.074233531951904
29.205259084701538
29.275311708450317
29.374139308929443
29.477842092514038
29.577808380126953
29.677791118621826
29.800279140472412
29.87776470184326
29.98334527015686
30.082168102264404
30.181914567947388
30.28367328643799
30.41108989715576
30.48790717124939
30.586921215057373
30.686992168426514
30.78691577911377
30.890163898468018
31.02104687690735
31.091028213500977
31.19015669822693
31.293864250183105
31.393877029418945
31.493825435638428
31.62396740913391
31.69406795501709
31.79784655570984
31.898072481155396
31.99818730354309
32.09806275367737
32.23916506767273
32.3106005191803
32.40340232849121
32.50308012962341
32.603018045425415
32.70608711242676
32.83480978012085
32.909942388534546
33.006088733673096
33.10641860961914
33.20983576774597
33.30990266799927
33.440738677978516
33.50997233390808
33.61425590515137
33.71434664726257
33.81454682350159
33.914928674697876
34.055214166641235
34.120285987854004
34.21891164779663
34.320987701416016
34.41913461685181
34.52273917198181
34.65542984008789
34.72291111946106
34.82253384590149
34.922919273376465
35.02583456039429
35.125932693481445
35.27307152748108
35.341145753860474
35.43002390861511
35.53083920478821
35.62986373901367
35.73070979118347
35.88274526596069
35.96270442008972
36.0349383354187
36.13505530357361
36.23517036437988
36.33478379249573
36.46568012237549
36.542421102523804
36.6387779712677
36.738627910614014
36.8418824672699
36.94194459915161
37.06929636001587
37.14203095436096
37.24194955825806
37.34589099884033
37.44582462310791
37.545884132385254
37.6873733997345
37.7573356628418
37.85168480873108
37.954482078552246
38.054325342178345
38.15350294113159
38.28748941421509
38.356547355651855
38.45465540885925
38.55511236190796
38.658021688461304
38.758013010025024
38.88328528404236
38.95806622505188
39.058072090148926
39.16203737258911
39.26212692260742
39.362051010131836
39.49259281158447
39.567070960998535
39.66702651977539
39.76696252822876
39.86703038215637
39.96691823005676
