14.08878469467163
15.004924774169922
15.335754156112671
16.00702667236328
16.253490924835205
16.784919500350952
17.028883934020996
17.486273765563965
17.873128175735474
18.325862169265747
18.718905448913574
19.17511820793152
20.959238290786743
21.47437024116516
21.906956434249878
22.483851671218872
22.89517879486084
23.370705604553223
23.719525814056396
24.194860219955444
24.677406072616577
25.214985609054565
25.661034107208252
26.175381183624268
26.608988046646118
27.059052228927612
27.42712926864624
27.931206941604614
28.364867210388184
28.873944759368896
29.30720567703247
29.804283380508423
30.246670246124268
30.77478289604187
31.181073665618896
31.6651668548584
32.110795736312866
32.608882665634155
33.05606651306152
33.563873529434204
33.942091941833496
34.394676208496094
34.80710530281067
35.29424500465393
35.75425481796265
36.330238342285156
36.77392268180847
37.29614496231079
37.680930852890015
38.126811504364014
38.49473714828491
39.05191445350647
39.486817836761475
40.010984659194946
40.424479484558105
40.92628526687622
41.35328006744385
41.95072531700134
42.390681743621826
42.89064264297485
43.30711388587952
43.787471532821655
44.18676161766052
44.655479192733765
45.05638861656189
45.56084609031677
45.964035987854004
46.45584154129028
46.90364718437195
47.42093348503113
47.77894616127014
48.28781247138977
48.720165491104126
49.215925455093384
49.61362981796265
50.09034872055054
50.45975852012634
50.92561364173889
51.271727323532104
51.71789002418518
52.07267904281616
52.58643364906311
53.02938437461853
53.51405048370361
53.939276933670044
54.43060374259949
54.83642864227295
55.38297939300537
55.83217906951904
56.32023811340332
56.68963956832886
57.18770360946655
57.63606286048889
58.08804774284363
58.495009422302246
59.03796911239624
59.46353840827942
59.99479365348816
60.421879529953
60.903226137161255
61.311805963516235
61.795414686203
62.190329790115356
62.66935110092163
63.07083511352539
63.5628137588501
63.997129678726196
64.48126173019409
64.87859964370728
65.41058349609375
65.78360748291016
66.25798034667969
66.69079279899597
67.22291588783264
67.64527797698975
68.20820021629333
68.6225836277008
69.074875831604
69.47927737236023
69.99227786064148
70.42316389083862
